Date,Probable Total,Probable New
1/29/2020,0,0
1/30/2020,0,0
1/31/2020,0,0
2/1/2020,0,0
2/2/2020,0,0
2/3/2020,0,0
2/4/2020,0,0
2/5/2020,0,0
2/6/2020,0,0
2/7/2020,0,0
2/8/2020,0,0
2/9/2020,0,0
2/10/2020,0,0
2/11/2020,0,0
2/12/2020,0,0
2/13/2020,0,0
2/14/2020,0,0
2/15/2020,0,0
2/16/2020,0,0
2/17/2020,0,0
2/18/2020,0,0
2/19/2020,0,0
2/20/2020,0,0
2/21/2020,0,0
2/22/2020,0,0
2/23/2020,0,0
2/24/2020,0,0
2/25/2020,0,0
2/26/2020,0,0
2/27/2020,0,0
2/28/2020,0,0
2/29/2020,0,0
3/1/2020,0,0
3/2/2020,0,0
3/3/2020,0,0
3/4/2020,0,0
3/5/2020,0,0
3/6/2020,0,0
3/7/2020,0,0
3/8/2020,0,0
3/9/2020,0,0
3/10/2020,0,0
3/11/2020,0,0
3/12/2020,0,0
3/13/2020,0,0
3/14/2020,0,0
3/15/2020,0,0
3/16/2020,0,0
3/17/2020,0,0
3/18/2020,0,0
3/19/2020,0,0
3/20/2020,0,0
3/21/2020,0,0
3/22/2020,0,0
3/23/2020,1,1
3/24/2020,2,1
3/25/2020,2,0
3/26/2020,3,1
3/27/2020,3,0
3/28/2020,3,0
3/29/2020,4,1
3/30/2020,4,0
3/31/2020,4,0
4/1/2020,4,0
4/2/2020,6,2
4/3/2020,7,1
4/4/2020,10,3
4/5/2020,11,1
4/6/2020,12,1
4/7/2020,12,0
4/8/2020,20,8
4/9/2020,23,3
4/10/2020,27,4
4/11/2020,30,3
4/12/2020,36,6
4/13/2020,45,9
4/14/2020,53,8
4/15/2020,58,5
4/16/2020,63,5
4/17/2020,70,7
4/18/2020,74,4
4/19/2020,78,4
4/20/2020,87,9
4/21/2020,89,2
4/22/2020,90,1
4/23/2020,94,4
4/24/2020,99,5
4/25/2020,101,2
4/26/2020,105,4
4/27/2020,110,5
4/28/2020,115,5
4/29/2020,121,6
4/30/2020,123,2
5/1/2020,126,3
5/2/2020,128,2
5/3/2020,131,3
5/4/2020,134,3
5/5/2020,138,4
5/6/2020,143,5
5/7/2020,145,2
5/8/2020,151,6
5/9/2020,160,9
5/10/2020,161,1
5/11/2020,164,3
5/12/2020,168,4
5/13/2020,169,1
5/14/2020,174,5
5/15/2020,178,4
5/16/2020,186,8
5/17/2020,189,3
5/18/2020,190,1
5/19/2020,204,14
5/20/2020,213,9
5/21/2020,232,19
5/22/2020,243,11
5/23/2020,257,14
5/24/2020,274,17
5/25/2020,293,19
5/26/2020,313,20
5/27/2020,323,10
5/28/2020,329,6
5/29/2020,345,16
5/30/2020,353,8
5/31/2020,359,6
6/1/2020,365,6
6/2/2020,373,8
6/3/2020,375,2
6/4/2020,376,1
6/5/2020,380,4
6/6/2020,383,3
6/7/2020,393,10
6/8/2020,398,5
6/9/2020,408,10
6/10/2020,420,12
6/11/2020,428,8
6/12/2020,436,8
6/13/2020,443,7
6/14/2020,448,5
6/15/2020,457,9
6/16/2020,467,10
6/17/2020,487,20
6/18/2020,492,5
6/19/2020,497,5
6/20/2020,501,4
6/21/2020,504,3
6/22/2020,511,7
6/23/2020,515,4
6/24/2020,526,11
6/25/2020,534,8
6/26/2020,540,6
6/27/2020,543,3
6/28/2020,547,4
6/29/2020,556,9
6/30/2020,562,6
7/1/2020,572,10
7/2/2020,581,9
7/3/2020,590,9
7/4/2020,601,11
7/5/2020,614,13
7/6/2020,629,15
7/7/2020,646,17
7/8/2020,664,18
7/9/2020,682,18
7/10/2020,688,6
7/11/2020,704,16
7/12/2020,739,35
7/13/2020,744,5
7/14/2020,762,18
7/15/2020,766,4
7/16/2020,791,25
7/17/2020,796,5
7/18/2020,815,19
7/19/2020,830,15
7/20/2020,860,30
7/21/2020,894,34
7/22/2020,937,43
7/23/2020,961,24
7/24/2020,985,24
7/25/2020,1026,41
7/26/2020,1049,23
7/27/2020,1081,32
7/28/2020,1113,32
7/29/2020,1130,17
7/30/2020,1163,33
7/31/2020,1168,5
8/1/2020,1179,11
8/2/2020,1199,20
8/3/2020,1214,15
8/4/2020,1232,18
8/5/2020,1259,27
8/6/2020,1282,23
8/7/2020,1295,13
8/8/2020,1311,16
8/9/2020,1319,8
8/10/2020,1341,22
8/11/2020,1349,8
8/12/2020,1366,17
8/13/2020,1383,17
8/14/2020,1406,23
8/15/2020,1408,2
8/16/2020,1422,14
8/17/2020,1439,17
8/18/2020,1439,0
8/19/2020,1462,23
8/20/2020,1478,16
8/21/2020,1492,14
8/22/2020,1511,19
8/23/2020,1527,16
8/24/2020,1545,18
8/25/2020,1568,23
8/26/2020,1599,31
8/27/2020,1603,4
8/28/2020,1628,25
8/29/2020,1646,18
8/30/2020,1661,15
8/31/2020,1666,5
9/1/2020,1683,17
9/2/2020,1701,18
9/3/2020,1726,25
9/4/2020,1744,18
9/5/2020,1754,10
9/6/2020,1772,18
9/7/2020,1794,22
9/8/2020,1804,10
9/9/2020,1835,31
9/10/2020,1845,10
9/11/2020,1868,23
9/12/2020,1881,13
9/13/2020,1903,22
9/14/2020,1916,13
9/15/2020,1929,13
9/16/2020,1953,24
9/17/2020,1978,25
9/18/2020,2007,29
9/19/2020,2028,21
9/20/2020,2047,19
9/21/2020,2071,24
9/22/2020,2079,8
9/23/2020,2126,47
9/24/2020,2164,38
9/25/2020,2199,35
9/26/2020,2223,24
9/27/2020,2251,28
9/28/2020,2286,35
9/29/2020,2324,38
9/30/2020,2372,48
10/1/2020,2408,36
10/2/2020,2435,27
10/3/2020,2482,47
10/4/2020,2523,41
10/5/2020,2538,15
10/6/2020,2575,37
10/7/2020,2606,31
10/8/2020,2683,77
10/9/2020,2711,28
10/10/2020,2743,32
10/11/2020,2792,49
10/12/2020,2841,49
10/13/2020,2873,32
10/14/2020,2918,45
10/15/2020,2950,32
10/16/2020,2995,45
10/17/2020,3045,50
10/18/2020,3090,45
10/19/2020,3156,66
10/20/2020,3208,52
10/21/2020,3283,75
10/22/2020,3353,70
10/23/2020,3419,66
10/24/2020,3485,66
10/25/2020,3553,68
10/26/2020,3620,67
10/27/2020,3706,86
10/28/2020,3780,74
10/29/2020,3894,114
10/30/2020,3972,78
10/31/2020,4045,73
11/1/2020,4110,65
11/2/2020,4200,90
11/3/2020,4287,87
11/4/2020,4378,91
11/5/2020,4465,87
11/6/2020,4584,119
11/7/2020,4709,125
11/8/2020,4849,140
11/9/2020,5044,195
11/10/2020,5070,26
11/11/2020,5070,0
